4.548800 8 7 3.082759 7 5 2.055096 4 12
2.856738 13 5 2.520070 4 11 2.315020 9 1
3.036173 13 14 1.903522 8 15 1.722387 1 9
6.463941 0 1 5.206656 3 8 4.446270 8 7
5.174102 5 6 3.113117 3 11 2.470444 9 10
6.229300 4 2 5.109574 2 6 3.614077 5 7
10.698085 3 2 9.298316 0 1 7.478423 1 7
10.511749 3 7 7.972956 4 5 7.360634 0 1
3.924226 3 0 2.698413 13 2 1.677956 8 1
6.377247 4 13 3.953923 12 5 2.972150 7 9
4.408326 13 9 4.367338 6 8 4.232023 4 13
2.782169 6 1 2.703257 8 11 1.653466 13 3
5.269334 10 6 5.143711 5 7 2.169957 9 8
7.381170 4 1 6.364239 6 9 5.746518 1 4
4.234926 11 9 4.038018 7 7 3.563427 5 2
4.449537 10 7 3.121848 6 12 1.624731 7 9
7.536156 2 5 6.714212 6 4 4.480603 9 3
6.159700 7 3 4.569306 8 8 2.963910 4 7
10.864952 0 3 9.225779 6 7 8.527753 1 4
7.322116 3 9 5.880569 4 5 4.538547 8 12
5.828019 1 7 3.887237 0 3 1.927824 6 1
3.515139 7 1 3.340976 0 6 2.596224 11 3
6.551785 5 12 5.756706 1 11 4.338206 10 13
3.995137 8 12 3.862156 4 10 1.896035 15 8
5.787585 3 3 4.128308 9 0 4.105211 4 8
6.282138 4 11 4.860190 1 13 3.993606 9 9
9.853990 4 1 9.277702 0 7 7.763678 1 6
10.287261 4 6 8.545918 0 2 6.963949 2 0
3.163021 6 13 1.797617 11 12 1.636943 8 3
3.548055 9 14 2.870669 10 4 1.783718 6 7
6.384826 6 4 5.278450 9 1 3.518671 3 0
6.817913 3 3 3.907848 5 8 2.334149 8 9
3.484742 12 10 3.163021 6 4 1.835894 7 0
10.249245 5 7 9.123100 0 11 7.447860 1 8
8.474367 6 14 7.124820 3 13 4.890461 5 10
4.888332 11 3 3.924726 6 4 3.403353 1 6
6.217494 5 1 5.796532 9 9 5.309919 4 6
9.097788 3 9 7.666495 4 5 7.587384 0 7
3.305056 12 0 2.791153 7 4 2.269067 0 5
4.718250 5 11 2.740995 6 7 1.433494 10 9
4.198904 7 9 3.698273 6 3 2.975632 12 14
6.328925 5 9 5.584676 4 0 4.882003 6 4
4.085183 10 5 2.576031 3 9 2.544367 11 11
6.313841 4 0 4.707375 1 3 2.763794 0 4
6.204101 3 8 5.370543 10 4 3.359450 8 5
7.688115 7 4 7.121854 1 1 5.579303 5 5
10.646789 1 1 9.545680 0 4 7.613657 4 6
5.873073 5 4 4.863984 9 2 2.600727 8 5
4.294094 9 10 4.148933 8 3 3.766028 5 13
10.029468 3 6 6.642955 5 9 5.293735 6 5
5.777081 1 0 5.543343 8 4 5.528652 5 6
2.689529 6 3 1.976669 7 12 1.457305 14 9
3.799322 11 4 2.518703 8 8 2.002258 4 0
6.225339 1 4 2.658649 6 5 2.650419 0 3
6.514626 4 10 6.455861 8 11 4.727751 1 6
8.583815 9 10 5.254717 7 4 4.286783 11 2
6.938476 1 5 6.450485 5 7 4.902590 6 12
3.523993 4 9 3.204194 6 3 3.088948 13 1
5.806894 9 1 4.621229 7 8 3.624207 5 5
3.840808 11 5 2.756015 12 2 2.690216 1 4
4.203487 12 4 3.832086 6 6 3.206965 4 10
4.383959 5 12 4.289402 7 5 3.571148 11 4
10.050714 0 8 7.190953 4 11 5.636821 7 14
4.209210 3 4 3.684394 12 3 2.529714 7 5
5.717644 8 1 5.184232 5 10 4.591063 7 5
7.554658 5 5 5.164219 7 4 4.850003 1 11
