6.445896 12 7 5.645800 8 6 4.002230 14 8
10.264929 10 4 8.660908 14 7 7.848147 13 9
10.152916 13 1 10.108473 12 7 7.779908 15 5
6.468358 11 12 5.862554 7 10 5.419376 3 9
5.727492 11 4 4.459958 8 5 4.021472 15 8
6.810080 8 13 6.128944 7 6 5.239872 6 9
5.260708 7 9 4.866319 1 14 3.457598 6 11
5.948411 5 12 5.378996 4 6 3.918531 6 11
10.371438 14 12 9.442550 12 10 8.874194 10 8
9.574564 10 3 8.963907 11 6 7.715859 9 9
9.149948 12 8 9.138172 7 6 8.854184 10 4
10.533520 13 7 8.894205 10 8 6.618334 14 9
8.405576 8 5 8.019896 12 9 7.705179 9 8
5.259539 4 12 4.063252 13 5 3.518656 9 6
9.039509 7 9 8.133600 13 6 7.865377 9 8
9.997220 11 7 8.683362 13 4 7.888118 8 6
8.312759 6 7 7.532365 8 12 5.260708 7 11
5.460653 5 7 5.152229 10 8 4.656256 14 9
5.917927 5 14 5.181777 7 10 3.762836 3 7
6.010191 11 4 4.777258 7 6 4.174471 4 9
6.141483 5 10 5.675093 7 12 5.246780 2 4
6.950225 8 12 5.873715 11 10 4.616008 14 7
6.517463 5 5 5.753008 14 1 4.729468 8 6
10.078204 12 7 9.739521 15 6 8.121695 9 4
6.099345 7 14 5.820331 12 5 4.379464 6 11
5.620261 11 5 4.830632 5 3 3.935172 9 4
5.044682 3 13 4.454651 5 10 4.225819 6 5
6.862255 4 10 5.231109 7 15 3.662044 5 13
9.603986 12 6 7.858720 13 7 6.595085 11 4
10.258640 13 9 9.353836 11 4 8.157811 14 7
8.974247 10 12 8.132375 9 11 5.893748 8 10
6.540727 6 12 6.512947 10 5 6.124553 9 8
9.207613 11 8 8.820802 13 6 7.173296 10 11
5.075140 2 6 4.086616 7 10 3.969903 3 2
6.751181 5 2 6.442910 10 0 6.264167 6 6
5.961217 7 12 5.910955 9 8 5.229787 14 7
8.635370 12 8 8.486889 6 10 7.875283 7 7
5.729518 2 10 5.073248 7 6 3.458811 5 7
5.960986 15 10 5.679075 12 9 3.746082 13 8
6.222794 10 5 5.893212 11 8 3.111742 13 2
10.260422 11 7 8.136066 8 8 7.626128 13 6
5.623239 5 9 4.443856 13 12 4.014267 12 8
9.253765 9 7 8.704507 13 9 8.073772 10 5
7.816085 7 15 4.757525 9 14 4.615052 6 10
9.910660 6 6 7.834216 8 7 7.004511 11 10
8.143325 5 11 5.826960 4 12 5.582456 10 9
5.501299 5 10 4.971123 9 15 4.340591 1 11
9.164347 10 10 8.262050 12 12 7.993679 7 8
9.680961 9 9 8.994258 10 6 7.079589 8 5
7.111931 8 9 5.832955 7 5 5.407693 2 7
6.055454 8 12 5.477767 7 9 4.373048 9 6
8.958242 12 4 8.912457 14 6 7.433433 10 8
10.001071 8 8 9.201406 13 10 7.475050 12 9
5.467190 12 9 2.993827 8 15 2.083753 7 10
6.237474 7 9 5.570337 8 1 3.828373 9 3
7.976696 14 10 4.538207 11 7 4.413395 15 9
5.526675 6 8 4.481269 7 7 2.891034 10 6
9.987396 12 10 9.224379 10 7 8.753385 7 11
9.304421 10 9 9.256568 7 8 6.390372 11 10
9.606731 14 8 9.109589 12 7 8.570251 9 10
9.904738 10 8 9.039509 7 6 8.897704 12 9
9.919234 11 6 9.869688 6 7 7.803629 10 8
6.643250 4 4 6.199312 9 7 5.216774 5 0
9.737536 14 8 8.584922 12 10 6.663026 10 9
8.890648 9 8 8.397365 5 9 7.696636 11 6
6.493998 7 3 5.227441 9 10 4.352155 8 13
