ch	tdc	adcc																	tdc min	mid	max		
1	3465	2.425336	3	3348	9.634874	15	3285	2.712954	18	3333	2.47461	27	3237	8.97204	30	3307	2.533327		3285	3348	3465	-63	117
5	3273	5.346312	8	3903	3.769571	10	3294	5.269334	16	3862	3.714499	19	3350	4.985786	20	3281	5.224044		3273	3294	3903	-21	609
1	4094	4.890753	12	3261	3.754272	15	3272	3.984866	25	3320	3.855864	27	3895	4.82269	28	3219	3.748448		3261	3272	4094	-11	822
2	3336	9.687231	4	3431	8.554174	10	3312	4.520384	17	3196	4.569275	25	3333	9.621565	26	3278	7.824657		3312	3336	3431	-24	95
0	3997	6.783453	6	3353	2.679236	7	3325	5.073721	17	3937	6.635777	18	3290	2.594834	25	3281	5.150834		3325	3353	3997	-28	644
2	3360	4.177088	6	4700	2.782169	10	3250	8.43719	25	4697	1.666748	29	3390	4.914763	31	3264	7.114038		3250	3360	4700	-110	1340
2	3254	8.362677	5	3291	7.524268	9	3364	6.117743	26	3265	7.108886	28	3217	7.534094	31	3391	5.509923		3254	3291	3364	-37	73
3	3521	6.138335	6	3261	6.673039	7	4061	6.793188	21	3214	3.695942	24	3279	6.038434	25	4032	6.445805		3261	3521	4061	-260	540
0	3047	9.226168	6	2981	5.602535	12	3727	6.798953	17	2953	9.167513	24	3755	6.169745	26	2982	5.351035		2981	3047	3727	-66	680
4	3404	9.462988	5	3659	7.767388	7	3292	8.824371	27	3154	8.65621	28	3254	9.290322	30	3606	7.537338		3292	3404	3659	-112	255
5	3831	4.110449	6	3238	2.843928	15	3766	6.270171	21	3207	2.658393	25	3815	6.096368	29	3828	3.993505		3238	3766	3831	-528	65
3	3340	7.683827	5	3722	5.660343	6	3242	3.811499	19	3363	7.275724	21	3234	3.488432	24	3605	4.53341		3242	3340	3722	-98	382
1	3400	2.017829	6	3238	8.340554	14	4555	6.154985	18	3227	8.343752	19	4647	6.105311	28	3230	1.504379		3238	3400	4555	-162	1155
3	3483	7.431726	4	3422	5.362757	12	3238	6.569354	21	3259	6.486948	27	3210	5.192973	31	3524	6.758696		3238	3422	3483	-184	61
2	4068	7.93882	6	3228	5.880454	8	3357	5.010186	21	4056	7.254734	25	3266	6.178589	27	3272	7.196858		3228	3357	4068	-129	711
11	4713	5.303193	12	3251	3.285091	14	3282	0.959066	17	3225	1.063794	21	4709	5.594656	22	3193	2.160316		3251	3282	4713	-31	1431
3	4700	3.715968	7	3341	4.993278	10	3317	5.65393	20	3312	5.555584	24	3300	4.129376	25	4733	2.807555		3317	3341	4700	-24	1359
2	4792	1.337246	5	3399	2.986016	7	3274	4.701672	17	3129	4.688288	27	3879	9.625481	29	3316	3.042529		3274	3399	4792	-125	1393
0	3306	5.247737	4	3807	3.872724	7	3356	2.569935	19	3349	5.199514	22	3484	3.263659	23	3170	1.348726		3306	3356	3807	-50	451
0	3284	4.093373	5	3792	5.255142	6	3275	4.77907	20	3313	4.004834	22	3447	4.451066	27	3197	4.702892		3275	3284	3792	-9	508
5	3652	9.003252	6	3352	5.386375	7	3314	5.526212	20	3370	5.341687	26	3227	5.519452	30	3593	8.64595		3314	3352	3652	-38	300
10	3338	3.983973	12	3240	9.104924	15	3978	8.265935	16	3236	9.11486	25	3290	3.681146	29	4034	8.134213		3240	3338	3978	-98	640
2	3265	6.412934	4	3365	9.071987	6	3394	5.015816	24	3327	7.937392	26	3244	8.045704	30	3417	4.486112		3265	3365	3394	-100	29
0	3318	4.247976	5	3666	4.65747	8	3326	2.744269	19	3370	4.181764	23	3168	1.241476	24	3536	3.341511		3318	3326	3666	-8	340
1	4701	4.850003	10	3308	4.530504	14	3218	2.860508	17	3191	4.515178	19	3329	2.807801	25	4645	4.719178		3218	3308	4701	-90	1393
1	3327	4.890753	4	3751	8.406227	7	3340	6.109423	28	3242	5.816894	29	3624	7.866751	30	3255	4.435258		3327	3340	3751	-13	411
4	3467	7.825009	9	3987	5.309535	11	3239	6.392203	21	3263	6.186059	27	3249	7.588923	29	4001	5.122789		3239	3467	3987	-228	520
0	3748	8.89635	1	3984	4.228555	5	3265	1.294301	18	3757	4.190542	26	3217	0.993251	27	3648	8.590866		3265	3748	3984	-483	236
4	3354	7.043006	5	3543	5.447612	13	4581	4.461101	21	3418	4.577858	22	4510	3.852109	30	3195	5.818481		3354	3543	4581	-189	1038
0	3322	3.969691	1	3414	2.761529	3	3884	4.231132	18	3705	4.157753	21	3271	3.86195	27	3206	2.786132		3322	3414	3884	-92	470
3	4684	6.795991	10	3958	5.532478	11	3787	7.833845	20	3955	7.876362	21	3924	5.646533	22	3887	3.936173		3787	3958	4684	-171	726
3	4563	2.926781	12	3892	2.955667	13	3976	7.416507	24	4541	1.684974	27	4528	2.884148	29	4759	7.272391		3892	3976	4563	-84	587
2	4602	5.491045	3	4638	0.745554	14	3971	1.53865	22	3919	3.589408	23	3957	9.918	26	4533	1.414293		3971	4602	4638	-631	36
3	4531	1.074382	5	4492	1.577942	11	3728	3.156287	20	3931	2.988825	23	3880	6.196425	26	4503	1.477449		3728	4492	4531	-764	39
2	4710	3.117445	7	3347	5.958593	10	4034	4.135787	24	4784	1.583965	25	4797	5.767487	26	4707	4.014227		3347	4034	4710	-687	676
2	4596	0.796828	5	4587	5.022151	14	3835	1.294615	18	3737	0.824255	25	4760	4.832231	27	4491	1.31589		3835	4587	4596	-752	9
6	3794	5.139336	11	4022	3.51929	14	4092	4.650101	22	3942	3.662964	23	3944	4.437525	25	4658	3.239212		3794	4022	4092	-228	70
1	4728	8.751882	9	3989	7.620182	10	3931	9.783277	16	4112	9.675275	21	3948	7.420742	27	4532	8.754226		3931	3989	4728	-58	739
1	4674	6.938476	2	4621	4.67512	6	4523	9.359592	20	4113	6.849658	23	4095	3.41865	30	4837	9.103634		4523	4621	4674	-98	53
2	4597	0.945178	4	4690	2.097366	10	3873	4.975826	17	3883	1.355918	18	3738	8.857439	25	4643	4.421129		3873	4597	4690	-724	93
1	3332	1.946515	2	3890	4.08172	3	3968	2.521226	27	3143	1.838643	28	3804	5.543703	30	3998	3.10289		3332	3890	3968	-558	78
3	4686	2.740445	12	3188	4.972144	15	3895	5.43257	21	3921	6.196434	23	3884	3.6975	28	4576	5.319296		3188	3895	4686	-707	791
3	4561	1.019578	4	4642	7.539684	11	3756	4.836474	17	3861	7.533786	24	4545	6.886905	27	4542	5.508803		3756	4561	4642	-805	81
